								101010
								101010
								101010
								101010
								101010
								101010
								101010
								101010
								101010
							   111101010110110	
					     000000      111111101001010101001 
					     \11111\     101010101010101010101
					      \11111\    101010101010101010110
					       \11111\   101010101010101010110
						\11111\  101010101010101010110
						 \11111\ 101010101010101010110
						  \11111\110101010101010101010110
						   0101010101010101010101010101010
							
							
					1111111111     111                111      11111111111         111   111               
					1111111111     111                111     111                  111  111                  
					11             111                111     111                  111 111                          
					11             111                111     111                  1111                               
					1111111111     111                111     111                  111 111                          
					111111111      111		   111     111                  111  111                        
					11             111                111     111                  111   111                       
					11		111		   111     111                  111    111                 
					11		111110101010101011111      101111110101         111    111          
					
					
							
							1010110101010101010101011010           1111111111      1111111111
							1010110101010101010110011010           1111111111      1111111111
							1010110101010101010101011010           1111111111      1111111111 
							10101                  10101           111             111
							10101                  10101           111             111
							10101                  10101           111             111
							10101                  10101           1111111111      1111111111
							10101                  10101           1111111111      1111111111
							10101                  10101           1111111111      1111111111
							10101			10101		 011	         111
							10101                  10101           111             111
							1010110101010101010101001010           111             111
							1010101010010101010101010100           111             111
							1010101010010010101001010101           111             111
